595 1963 100012
0 106913
1 106913
2 106913
3 106913
4 106913
5 102880
6 100453
7 105216
8 102809
9 100337
9 102016
9 102129
9 106666
9 106882
9 107839
10 106874
11 100482
12 100482
13 101690
14 101667
14 105699
14 105849
14 106642
15 101810
15 102320
15 105765
15 106552
15 107197
15 108313
15 109150
15 109351
16 102507
16 107953
17 101795
17 107748
18 109202
18 109620
19 107040
20 102473
20 107445
21 102639
22 101473
22 108180
23 102196
24 100836
24 100966
24 106619
24 106818
24 107811
24 108992
24 109400
25 108248
26 107206
27 101454
28 100782
28 102105
28 106400
28 108685
29 100782
29 106400
29 108685
30 101156
30 102567
31 108254
32 108254
33 100356
33 100506
33 100520
33 100831
33 102120
33 102358
33 102462
33 102496
33 102569
33 102759
33 102793
33 107243
33 107328
34 100356
34 100506
34 100520
34 100831
34 101428
34 102155
34 102358
34 102462
34 102496
34 102569
34 102759
34 105657
34 106861
34 107243
34 107328
34 108286
35 100603
35 107726
35 109884
36 104950
36 105025
36 107600
36 108854
37 101942
38 109534
39 101953
39 108981
39 109790
40 102824
40 106499
41 102824
41 106499
42 105156
42 105157
42 105158
42 105159
42 105160
43 101289
43 109539
43 109961
44 110024
45 100924
45 101375
45 102695
45 105694
45 107563
45 108397
46 106052
47 100304
47 101114
47 101555
47 102784
47 104871
47 105424
47 106997
47 107191
47 107286
47 109124
48 102072
49 101054
49 101843
49 103076
49 106466
49 108214
49 108446
50 107074
50 107534
50 107535
51 105347
51 107724
51 107908
52 106699
53 101336
53 109391
54 100031
54 101254
54 101336
54 101425
54 102128
54 102197
54 105543
54 105968
54 106611
54 106736
54 107282
54 107658
54 108623
54 109391
54 109952
55 100403
55 102911
55 104954
55 106475
55 106659
56 100403
56 102911
56 104954
56 106304
56 106659
56 109466
57 101475
57 104954
57 106659
57 108684
58 102068
58 102382
58 107186
59 100014
59 101048
59 102180
59 105930
59 106727
59 107777
59 108012
59 109173
60 101048
60 106727
61 100418
61 101958
61 105489
61 105987
61 107262
61 107801
61 108178
61 108238
61 109368
61 109794
62 100418
62 101958
62 105987
62 107262
62 107801
62 108178
62 108238
62 109368
62 109794
63 101410
63 102328
63 106577
63 108371
63 108451
63 109951
63 110010
64 101410
64 102328
64 106577
64 108371
64 108451
64 109951
64 110010
65 101410
65 102328
65 106577
65 106885
65 108371
65 108451
65 109951
65 110010
66 102328
66 102469
66 106577
66 108371
66 109462
66 109951
67 102328
67 102469
67 106577
67 108371
67 109951
68 100720
68 101993
68 105462
68 107505
68 107618
68 107933
68 108542
68 108692
68 108886
68 110070
68 110071
69 103212
69 106645
69 110004
70 100895
70 103212
70 108105
70 110004
71 100522
71 100869
71 101838
71 102255
71 107071
71 107344
71 108872
72 100522
72 100869
72 101838
72 102255
72 107071
72 107344
72 108872
73 100522
73 100869
73 101838
73 102255
73 104812
73 106758
73 107501
73 109549
74 100522
74 100869
74 101838
74 102255
74 104812
74 106758
74 107501
74 109549
75 100522
75 100869
75 101838
75 102255
75 104812
75 106758
75 107501
75 109549
76 100522
76 100869
76 101838
76 102255
76 104812
76 106758
76 107501
76 109549
77 101413
77 102543
77 103083
77 103084
77 105175
77 105856
77 106418
77 107177
77 107594
77 108784
77 108964
77 110043
78 103084
78 105175
78 105856
78 106418
78 107177
78 107594
78 108784
78 108964
78 110043
79 101037
79 101047
79 102861
79 105051
79 106349
79 106914
79 107770
79 108660
80 101037
80 101047
80 101546
80 101694
80 102861
80 105051
80 105735
80 106512
80 106914
80 107400
80 107428
80 108660
80 108850
80 109381
81 101037
81 101047
81 101546
81 101694
81 102257
81 102861
81 102916
81 105051
81 105735
81 106512
81 106914
81 107400
81 107428
81 108393
81 108660
81 108850
81 109381
82 101037
82 101047
82 101546
82 101694
82 102257
82 102861
82 102916
82 105051
82 105497
82 105735
82 106512
82 106914
82 107400
82 107428
82 108393
82 108660
82 108850
82 109381
83 106382
83 109380
83 110012
84 101308
84 108661
85 100372
85 106004
86 102319
86 106095
86 106599
86 106731
86 108253
87 102754
88 108245
89 100722
89 102680
89 102863
89 102955
89 108031
89 108291
89 109146
89 109232
90 100722
90 102629
90 102680
90 102863
90 102955
90 108031
90 108291
90 109146
90 109232
91 101972
91 105799
91 105895
92 101972
92 105799
92 105895
93 107138
93 108285
94 105349
94 108285
95 105321
95 106770
95 108094
95 108308
95 108605
96 100651
96 102241
96 104835
96 105097
96 105098
96 105886
96 106286
96 108159
96 109315
96 109327
97 100854
97 105896
98 100248
98 100538
98 100580
98 100593
98 100904
98 101591
98 102406
98 104810
98 104815
98 104894
98 104956
98 104957
98 107549
98 108120
98 108864
98 108934
98 108961
98 109783
99 101961
99 105829
99 108063
100 107003
101 107331
102 107253
103 102274
103 102335
103 102369
103 107253
104 100757
104 101862
104 106767
104 107420
104 109012
105 102102
105 102792
105 102924
105 106640
106 101536
106 107692
107 102095
107 105297
107 105538
108 101226
108 101277
109 102865
109 102946
109 105083
109 106771
109 109178
110 106541
110 108862
110 109428
111 101486
111 102762
111 106326
111 106652
111 108604
111 109574
111 109914
112 100381
112 102733
112 105599
112 106287
113 100388
113 102028
113 102047
113 102084
113 102512
113 102947
113 105209
113 105705
113 105832
113 106356
113 106581
113 107026
113 108786
113 109518
113 109526
114 102084
114 102947
114 105832
114 106581
114 108786
114 109526
115 100906
116 101064
116 101208
116 106604
116 107434
117 101064
117 101208
117 106604
117 107434
118 101064
118 101208
118 106604
118 107434
119 101064
119 101208
119 105067
119 105163
119 106604
119 106824
120 101064
120 101208
120 105067
120 105163
120 106604
120 106824
121 102684
121 107415
121 108257
122 104922
122 106934
123 102067
124 101150
124 109891
125 109891
126 109256
127 109256
128 109256
129 109256
130 109256
131 102470
131 102678
131 105508
131 106782
131 107178
131 107984
131 109127
131 109766
132 100497
132 102470
132 102568
132 102678
132 104878
132 105508
132 106782
132 107178
132 107466
132 107984
132 108593
132 108871
132 109127
132 109453
132 109766
133 100497
133 102470
133 102559
133 102568
133 102678
133 104878
133 105508
133 106782
133 107466
133 107984
133 108538
133 108593
133 108871
133 109127
133 109453
133 109766
133 109791
134 100497
134 102470
134 102559
134 102678
134 104878
134 105508
134 106782
134 107466
134 107984
134 108538
134 108593
134 108871
134 109127
134 109262
134 109453
134 109766
134 109791
135 100907
135 101246
135 101376
135 101484
135 101613
135 101654
135 105124
135 105695
135 105739
135 106992
135 107112
135 107875
135 109613
136 100907
136 101246
136 101376
136 101484
136 101613
136 102468
136 105124
136 105695
136 105739
136 106416
136 107015
136 107112
136 107875
136 108849
136 109298
136 109441
136 109613
137 100907
137 101246
137 101376
137 101484
137 101613
137 102468
137 105124
137 105695
137 105739
137 105924
137 106416
137 107875
137 108084
137 109298
137 109441
138 101376
138 101484
138 101613
138 102468
138 105124
138 105695
138 106416
138 108084
138 108773
139 105247
139 105869
139 107992
139 109033
140 105247
140 105869
140 107992
140 109033
141 105132
141 105509
141 105869
141 109033
142 102391
142 102393
142 109816
143 101394
143 102391
143 102393
143 109816
144 101394
144 102391
144 102393
144 109816
145 107274
145 109760
146 106125
146 106558
146 109203
147 105285
147 106078
148 105285
148 106078
149 100851
149 101783
149 105285
149 106078
149 106612
149 106985
149 106986
149 108183
150 100487
150 100751
150 102509
150 102618
150 105212
151 100487
151 100751
151 102388
151 102509
151 102595
151 102618
151 105212
152 100487
152 100751
152 101985
152 102108
152 102388
152 102595
152 102618
152 105212
152 108426
153 105456
153 107494
153 109293
154 104866
154 105002
154 108745
155 101206
156 101206
157 101206
158 100299
158 102429
159 100299
159 101535
159 105460
159 107954
160 100299
160 101535
160 105058
160 105460
160 107954
161 100299
161 100511
161 101535
161 105058
161 105460
161 106763
162 100299
162 100511
162 101535
162 105058
162 105460
163 100299
163 100511
163 101535
163 105058
163 105460
164 100376
164 101131
164 101346
164 104817
164 105059
164 106104
164 106303
164 106451
164 106528
164 106730
164 107148
164 107292
164 108108
164 108182
164 108473
164 109333
164 109533
165 100279
165 100376
165 101131
165 101346
165 104817
165 105059
165 106104
165 106303
165 106451
165 106528
165 106730
165 107148
165 107652
165 108108
165 108182
165 108473
165 109268
165 109308
165 109333
165 109533
166 105059
166 105386
166 106451
166 106730
166 107148
166 108108
167 100339
167 100811
167 102591
167 105475
167 105598
167 106744
167 108571
168 102563
168 108363
169 101753
169 105018
169 106814
169 107391
170 102450
170 106405
170 108842
171 108198
171 108464
172 102501
172 105568
172 107845
173 101853
173 107759
174 107101
175 107836
176 107836
177 109627
178 101344
178 108224
178 108325
179 105741
180 105842
180 105843
181 105842
181 105843
182 105842
182 105843
183 106307
184 108256
185 108256
186 100373
186 101724
186 102213
186 105126
186 106281
186 106391
186 107272
186 107409
186 108782
186 109422
186 109634
187 100373
187 106281
187 106391
187 107272
188 101041
189 101579
189 105213
189 107139
189 107513
189 109748
189 109828
190 101579
190 105213
190 107139
190 107513
190 109748
190 109828
191 102610
191 105638
192 106031
192 109023
193 106031
193 109023
193 109027
194 106031
194 109023
194 109027
195 106031
195 109023
195 109027
196 105724
197 101999
197 107285
197 107915
197 109378
198 101999
198 107285
198 107915
198 109378
199 107285
200 100600
200 100790
200 102541
200 104859
200 106479
200 106967
200 107483
201 102044
201 105833
201 107601
201 107900
201 108129
201 109738
202 107902
203 106688
203 107603
203 107729
203 108124
204 100911
205 105208
205 107746
205 109651
205 109652
205 109863
206 101123
206 102896
206 106110
207 104921
207 105350
207 105362
207 105901
207 105909
207 106351
207 106846
207 109246
207 109542
208 101084
208 104921
208 105362
208 105706
208 105909
208 108640
208 109542
209 104965
209 107126
209 107395
209 107996
209 109657
210 104965
210 105774
210 107126
210 107395
210 107758
210 107996
210 109657
210 109671
211 104965
211 105774
211 107126
211 107395
211 107758
211 109657
211 109671
212 100574
212 105119
212 105454
212 106040
212 106439
212 108530
213 106059
214 100540
214 100542
214 106272
214 107374
215 101607
215 102962
215 105518
215 105601
215 106275
215 107021
215 107687
215 109029
216 100882
216 101284
216 102919
216 105838
216 107109
216 109975
216 110022
216 110039
217 105141
218 105140
218 105141
218 106650
218 108627
219 101210
219 102092
219 102904
219 107840
220 101210
220 102092
220 102904
220 107840
220 109048
221 101074
221 101610
222 100778
222 102767
222 105766
222 106269
222 109581
223 102310
223 104877
223 104982
223 107478
223 107541
223 108322
224 105853
225 102601
225 109818
226 101318
226 102601
226 105303
226 105515
226 109804
227 106107
228 100505
228 100685
228 106444
228 107904
229 106034
229 106384
229 107432
229 108574
229 108846
229 109190
230 105391
230 108127
230 109986
231 101276
231 109577
231 109970
231 109995
232 100735
232 101147
232 101148
232 101445
232 101448
232 102285
232 105612
232 106053
232 106544
232 106753
232 107617
232 108203
232 108398
232 108537
232 108868
232 109234
233 101148
233 101445
233 102285
233 102702
233 106053
233 106544
233 107526
233 107617
233 108203
233 108398
233 108537
233 108868
233 109234
234 101148
234 101183
234 101445
234 102285
234 102702
234 106053
234 106544
234 107526
234 107617
234 108203
234 108398
234 108537
234 108868
234 109234
235 102349
235 108071
236 102414
236 104924
236 106991
236 107558
236 109226
237 100938
237 101444
238 107453
238 108721
239 101341
239 107305
239 107408
239 109659
239 109981
239 109989
240 101341
240 107305
240 107408
240 109659
240 109981
240 109989
241 105600
241 106455
242 100343
242 101220
242 101911
242 101959
242 105463
242 105767
243 105689
243 108753
243 109305
244 105870
245 107860
246 101564
246 110014
247 101731
247 105135
247 108021
248 100433
248 101502
248 105300
248 108822
249 100710
249 105662
249 106970
249 107088
249 107162
249 107934
249 108818
250 106969
250 107162
250 107886
251 101251
251 105323
251 109149
251 109388
252 100465
252 100594
252 101834
252 106387
253 108048
254 108020
255 104948
255 104971
256 109773
257 102674
257 104876
258 102674
259 101817
259 102674
260 102235
260 106102
261 107009
261 107895
261 108342
261 110038
262 105274
262 108943
262 109355
263 101435
263 105496
263 109472
264 101435
264 109472
265 101435
265 107196
265 109472
266 100302
266 101205
266 101491
266 101611
266 101842
266 107150
266 107151
266 108879
266 109154
267 101684
267 106492
268 101684
269 100449
269 102311
269 102423
269 107324
269 107677
269 110011
270 100449
270 102311
270 102423
270 107324
270 107677
270 110011
271 106398
272 101601
272 109078
272 109831
273 100612
273 100794
273 100936
273 102634
273 105257
273 106339
273 107236
273 107335
273 107698
273 109386
273 109666
274 100612
274 100936
274 101099
274 102634
274 105257
274 105494
274 106339
274 107236
274 107335
274 107698
274 109386
274 109666
275 100936
275 101099
275 102634
275 105021
275 105257
275 105431
275 105567
275 106339
275 107236
275 107335
275 109285
275 109386
275 109666
275 110041
276 100936
276 101099
276 102634
276 105021
276 105257
276 105431
276 105567
276 106339
276 107335
276 109285
276 109386
276 109666
276 110041
277 100936
277 101099
277 102634
277 105021
277 105257
277 105431
277 105567
277 106339
277 107335
277 109285
277 109386
277 109666
277 110041
278 100936
278 105021
278 105567
278 107335
278 109285
279 100455
279 100821
279 101935
279 101965
279 105130
279 105312
279 107514
279 110078
280 101188
280 105130
280 105253
281 101649
281 105130
281 109967
282 101537
282 105130
283 105130
283 105384
283 107989
284 105130
284 105384
284 105385
284 107989
285 101274
285 101563
285 101651
285 101709
285 105055
285 105130
285 105550
286 105130
287 102151
287 102251
287 105130
287 105189
287 105681
287 105828
287 107595
287 108370
287 109260
287 109389
288 102151
288 102251
288 102361
288 105130
288 105681
288 105828
288 106866
288 107592
288 107595
288 107911
288 108370
288 109260
289 102151
289 105130
289 105681
289 105828
289 107911
289 108370
289 109260
290 105130
291 105130
291 106643
292 105130
292 107347
292 109924
293 101640
293 102215
293 105905
293 109832
294 100864
294 101778
294 102087
294 102577
294 102920
294 104947
294 105196
294 106000
294 106936
294 108963
294 109172
294 109669
294 109793
294 109918
295 100864
295 101778
295 102087
295 102577
295 102920
295 104947
295 105196
295 106000
295 108963
295 109172
295 109669
295 109793
295 109918
296 100259
296 100864
296 101778
296 102577
296 102920
296 104947
296 105196
296 106000
296 108963
296 109172
296 109669
297 100259
297 102577
297 102920
297 104947
297 105196
297 108963
297 109172
297 109669
298 100259
298 102577
298 102920
298 104947
298 105196
298 109172
298 109669
299 102577
299 102920
299 104947
299 105196
299 109172
299 109669
300 102920
300 104947
300 105196
300 109669
301 102920
301 104947
301 105196
301 109669
302 100017
302 101720
302 102340
302 102745
302 102750
302 105377
302 105438
303 101225
303 101408
303 101442
303 101540
303 107218
303 107946
303 108533
303 108602
303 108710
303 108890
303 109044
303 109410
303 109552
303 109743
303 109938
304 101225
304 101408
304 101442
304 101540
304 102003
304 107218
304 107946
304 108533
304 108602
304 108710
304 108890
304 109044
304 109410
304 109552
304 109743
304 109938
304 110047
305 101225
305 101408
305 101442
305 101540
305 102003
305 107218
305 107946
305 108533
305 108602
305 108710
305 108890
305 109044
305 109410
305 109552
305 109743
305 109938
305 110047
306 100399
306 100702
306 101225
306 101255
306 101442
306 101540
306 101841
306 101869
306 101957
306 102003
306 102150
306 102581
306 102833
306 107218
306 107946
306 108533
306 108602
306 108710
306 108722
306 108890
306 109044
306 109410
306 109552
306 109743
306 109938
306 110047
307 102055
307 102278
307 105932
307 106837
307 108340
308 105372
309 105372
310 109947
310 109968
310 110029
311 101257
311 109412
311 109433
311 109673
312 101138
312 101257
312 101320
312 105234
312 108480
312 109412
312 109433
312 109673
312 109733
313 101138
313 101257
313 101320
313 105234
313 106002
313 108480
313 109412
313 109733
314 101019
314 109649
315 102801
315 102804
316 101174
316 106728
316 107791
317 101623
317 101806
317 107348
317 107427
317 108133
317 108338
317 108638
318 100050
318 101623
318 101806
318 107348
318 107427
318 108133
318 108338
318 108638
319 100050
319 101623
319 101806
319 101878
319 105390
319 107348
319 107427
319 108133
319 108135
319 108338
319 108638
320 100050
320 100765
320 101623
320 101722
320 101878
320 102545
320 105389
320 105390
320 106329
320 107348
320 107427
320 108133
320 108135
320 108338
320 108638
321 109175
322 101714
323 101714
324 101626
324 102643
324 105397
324 108559
325 101626
325 102643
325 108359
325 108559
326 100645
327 102625
327 102873
327 102875
327 104955
327 105589
327 105820
327 106284
328 108428
328 108746
329 100019
329 100370
329 100386
329 100598
329 101481
329 106762
329 107470
329 107701
329 108771
329 109215
329 109374
329 109421
329 109582
330 105966
330 107470
330 109560
331 100673
331 104896
331 105264
331 107470
331 108204
332 101645
332 101646
332 107470
333 107470
334 101823
334 104832
334 105402
334 107470
335 100069
335 100384
335 100638
335 101348
335 101349
335 101350
335 101352
335 101406
335 101828
335 101902
335 102297
335 102375
335 102465
335 102530
335 102806
335 105072
335 105081
335 105528
335 105595
335 105733
335 105888
335 106511
335 106696
335 107405
335 107470
335 107993
335 108041
335 108192
335 108617
335 108785
335 109030
335 109119
335 109403
335 109722
335 109971
335 110062
336 102807
336 107841
336 109397
337 101357
337 101989
337 102689
337 104881
337 106068
337 106105
337 108590
337 109765
337 109876
338 101357
338 101989
338 106068
338 106105
338 108590
338 109876
339 101480
339 102755
339 108250
340 102755
341 100052
341 100480
341 101028
341 106785
341 106941
341 107125
341 108154
341 108634
341 108644
342 100843
342 101118
342 105006
342 105740
342 107489
343 100843
343 101118
343 105006
343 105740
343 107489
344 107045
344 109638
345 107045
345 109638
346 100507
346 101271
346 101674
346 101998
346 104997
346 105104
346 108858
346 108898
347 100321
347 100768
347 101152
347 107881
348 100321
348 100768
348 101152
348 107881
349 101529
349 102908
349 102909
349 104963
349 108516
349 108621
349 108900
350 101529
350 102788
350 102908
350 102909
350 104961
350 104962
350 104963
350 108516
350 108621
350 108900
351 101529
351 102048
351 102788
351 102908
351 102909
351 104962
351 104963
351 105861
351 106297
351 107531
351 108516
351 108569
351 108621
351 108900
351 109941
352 108569
353 105406
354 101140
354 101275
354 105903
354 107128
354 107326
355 100668
355 100671
355 100764
355 102786
355 102825
355 105555
355 105937
355 106117
355 106373
355 106653
355 106907
355 107001
355 107330
355 107579
355 107609
355 108581
355 109028
356 100022
356 100119
356 100335
356 100435
356 100668
356 100740
356 100764
356 100868
356 101457
356 101657
356 101766
356 102148
356 102786
356 102825
356 102843
356 104898
356 105555
356 105937
356 106077
356 106084
356 106373
356 106605
356 106653
356 106880
356 106907
356 107001
356 107330
356 107579
356 107609
356 107825
356 108130
356 108581
356 108836
356 109028
356 109656
356 109887
357 100475
357 100668
357 100740
357 100868
357 101457
357 101657
357 102141
357 102786
357 104808
357 104824
357 104898
357 105114
357 105555
357 105745
357 105992
357 106084
357 106373
357 106653
357 106880
357 106907
357 107330
357 108134
357 108581
357 109887
358 100475
358 100740
358 100868
358 101457
358 101657
358 102141
358 102786
358 104808
358 104824
358 104898
358 105114
358 105555
358 105745
358 105992
358 106373
358 106653
358 106880
358 106907
358 107330
358 108097
358 108134
358 108581
358 109887
359 100475
359 100740
359 100868
359 101457
359 101657
359 104808
359 104898
359 105114
359 106373
359 106880
359 106907
359 107330
359 108097
359 108134
359 109887
360 100475
360 100868
360 101657
360 104808
360 104898
360 106373
360 106880
360 108134
360 109887
361 102168
361 108713
362 106025
363 106025
364 105117
364 106401
364 107763
364 109193
365 109193
366 108764
367 100744
367 100942
367 101978
367 102189
367 105336
367 105975
367 105979
367 106063
367 106525
367 106589
367 106871
367 107242
367 107509
367 107813
367 107817
367 108320
367 108441
367 108829
367 109483
368 100744
368 100942
368 102943
368 104874
368 105336
368 105975
368 105979
368 106063
368 106525
368 106871
368 107242
368 107509
368 107813
368 107817
368 108441
368 108829
369 102854
369 105139
369 105343
369 105727
369 105736
369 106415
369 107032
369 107234
369 107950
369 108189
369 108474
369 108595
369 109053
369 109655
370 102854
371 102690
372 104908
373 101126
374 101072
374 104884
374 106817
375 108551
376 100428
376 109929
376 109953
376 109954
377 106079
378 105238
378 109426
379 100571
379 100898
379 102174
379 102915
379 106039
379 106828
379 107146
379 107719
379 107750
380 100571
380 100898
380 102171
380 102174
380 102915
380 106828
380 107146
380 107750
380 109367
381 101717
381 102317
381 102626
381 105182
381 105183
381 107349
381 109429
381 109944
381 109945
382 101717
382 102317
382 102626
382 105182
382 105183
382 107349
382 109429
382 109944
382 109945
383 101717
383 102317
383 102626
383 105182
383 105183
383 107349
383 109429
383 109944
383 109945
384 102856
384 106470
384 106472
385 100374
385 100575
385 100857
385 100910
385 102315
385 104892
385 106522
385 107733
385 107998
385 108427
385 109307
386 100374
386 100575
386 100857
386 100910
386 102315
386 104892
386 106522
386 107733
386 107998
386 108427
386 109307
387 100374
387 100857
387 100910
387 101549
387 102272
387 102315
387 104892
387 106522
387 107334
387 107733
387 107998
387 108218
387 108427
387 109307
388 100374
388 100857
388 100910
388 101549
388 102272
388 102315
388 104892
388 106522
388 106634
388 106704
388 107334
388 107733
388 107998
388 108218
388 108302
388 109213
388 109307
388 109343
388 109455
389 100374
389 101605
389 108453
389 109347
390 101324
390 101635
390 105076
390 106989
390 108074
390 108243
390 108576
390 109169
391 101324
391 101635
391 106989
391 108074
391 108243
391 108576
391 109169
392 101324
392 101635
392 108074
392 108243
392 109169
393 101779
393 101955
393 102133
393 106352
393 106867
393 107849
393 107990
393 109152
393 109741
393 109862
394 100360
394 100617
394 101035
394 101715
394 102032
394 102549
394 102711
394 106493
394 106623
394 108255
394 109168
394 109399
394 109460
395 100352
395 100360
395 100617
395 101035
395 101715
395 102032
395 102549
395 102711
395 106493
395 106623
395 108255
395 108790
395 109168
395 109399
396 102451
396 102751
396 105266
396 105709
396 105885
396 106706
396 106743
396 106903
396 107382
396 107679
396 108119
396 108374
396 109253
396 109311
396 109323
396 109692
396 109827
397 101424
398 105352
398 109020
399 102041
399 102888
399 107438
399 107646
399 109436
399 109554
399 109860
400 106295
401 102400
402 100355
402 101262
402 101426
402 101678
402 101707
402 102076
402 102343
402 102502
402 103000
402 104826
402 105082
402 105399
402 105452
402 106358
402 106665
402 107114
402 107179
402 107201
402 107467
402 107556
402 108109
402 108271
402 108352
402 108467
402 108609
402 108649
402 108672
402 108757
402 109853
403 100355
403 101262
403 101426
403 101678
403 101707
403 102076
403 102343
403 102502
403 103000
403 104826
403 105082
403 105149
403 105275
403 105399
403 105452
403 106358
403 106665
403 107114
403 107179
403 107201
403 107367
403 107467
403 107556
403 108109
403 108271
403 108352
403 108467
403 108609
403 108649
403 108672
403 108675
403 108757
404 100355
404 100870
404 100943
404 101262
404 101426
404 101678
404 101707
404 102076
404 102502
404 102922
404 103000
404 104826
404 105082
404 105149
404 105399
404 105452
404 105611
404 106358
404 106665
404 107114
404 107179
404 107201
404 107367
404 107467
404 107556
404 108109
404 108165
404 108271
404 108352
404 108467
404 108649
404 108672
404 108675
404 108757
405 100355
405 100870
405 100943
405 101262
405 101678
405 102502
405 102922
405 104826
405 105082
405 105399
405 105611
405 106369
405 106648
405 106665
405 106759
405 107114
405 107179
405 107201
405 107367
405 108109
405 108271
405 108467
405 108649
405 108672
405 108675
405 108757
406 102408
406 104911
406 104944
406 107163
406 110074
407 100329
407 100652
407 101026
407 102815
407 105258
407 106290
407 107615
407 107728
407 107930
407 108828
408 100033
408 100776
408 102043
408 102203
408 102444
408 104938
408 105855
408 106054
408 106334
408 106335
408 107818
408 108081
408 108430
408 109612
409 100033
409 100776
409 102043
409 102203
409 102444
409 104938
409 105855
409 106054
409 106334
409 106335
409 107818
409 108081
409 108430
409 109612
410 104938
410 105036
410 108081
410 108430
411 107289
412 100714
412 105969
413 100596
413 100917
413 107518
413 108386
413 109803
414 100040
414 100596
415 101399
415 101673
415 101748
416 101673
417 101103
417 101369
417 104889
418 102831
418 106121
418 106386
418 106863
418 108116
418 108420
418 108586
418 108587
418 109075
418 109310
418 109438
418 109636
418 109769
419 102831
419 106121
419 106386
419 106863
419 108116
419 108420
419 108586
419 108587
419 109075
419 109310
419 109438
419 109636
419 109769
420 101238
420 102831
420 105752
420 106121
420 106386
420 106863
420 107821
420 108116
420 108420
420 108586
420 108587
420 109075
420 109310
420 109438
420 109636
420 109769
421 101238
421 102831
421 105752
421 106121
421 106386
421 106863
421 107821
421 108116
421 108420
421 108586
421 108587
421 109075
421 109310
421 109438
421 109636
421 109769
422 102831
422 105752
422 106121
422 106366
422 106386
422 106863
422 107821
422 108116
422 108420
422 108586
422 108587
422 109075
422 109310
422 109438
422 109636
422 109769
423 102831
423 105752
423 106121
423 106366
423 106386
423 106863
423 107821
423 108116
423 108420
423 108586
423 108587
423 108768
423 109310
423 109636
423 109769
424 102831
424 105752
424 106121
424 106366
424 106386
424 106863
424 107554
424 107821
424 108420
424 108586
424 108768
424 109310
424 109769
425 100481
425 101874
425 105437
425 106067
425 106099
425 106450
425 108188
425 108228
425 108780
425 108804
425 108925
425 109167
425 109197
425 109358
426 100481
426 101874
426 106067
426 106099
426 106450
426 108188
426 108228
426 108804
426 108925
426 109167
426 109197
426 109358
427 100481
427 101874
427 106067
427 106099
427 106450
427 108188
427 108228
427 108804
427 108925
427 109167
427 109197
427 109358
428 100481
428 101874
428 106067
428 106099
428 106450
428 108188
428 108228
428 108804
428 108925
428 109167
428 109197
428 109358
429 101130
429 101476
429 102359
429 102371
429 105708
429 107174
429 108647
429 109121
430 100331
430 100956
430 101309
430 101470
430 102308
430 102816
430 106593
430 106775
430 107955
430 108279
430 108442
430 108482
431 100956
431 101309
431 101470
431 102308
431 102816
431 106775
431 108279
431 108442
432 100956
432 101309
432 101470
432 102816
432 106775
432 108442
433 100956
433 101309
433 101470
433 102816
433 106775
433 108442
434 100956
434 101309
434 101470
434 102816
434 106775
434 108442
435 100012
435 100440
435 101466
435 102110
435 102185
435 105423
435 105544
435 106087
435 107647
435 109614
436 101991
436 106462
437 101991
437 106462
438 107941
439 100534
440 100717
440 105574
440 105576
440 105642
440 107384
440 107663
440 108002
441 108347
442 105078
442 107523
443 100390
443 100391
443 102331
443 106856
443 107010
443 107619
444 109747
445 100712
445 102631
445 105863
445 107166
445 109747
446 102352
446 102752
446 107633
446 109895
447 107598
448 101992
448 105256
449 100841
449 101922
450 107011
451 100104
451 100306
451 100473
451 100589
451 100633
451 100976
451 101104
451 101575
451 101774
451 102314
451 102456
451 103351
451 104861
451 105429
451 105558
451 105676
451 106410
451 106849
451 107451
451 107808
451 108346
451 109069
451 109220
451 109243
451 109324
451 109395
451 110050
452 100104
452 100306
452 100473
452 100589
452 100633
452 100976
452 101104
452 101575
452 101774
452 102314
452 102456
452 103351
452 104861
452 105429
452 105558
452 105676
452 106410
452 106849
452 107451
452 107808
452 108346
452 109069
452 109220
452 109243
452 109324
452 109395
452 110050
453 100306
453 100473
453 100499
453 100589
453 100633
453 100976
453 101086
453 101104
453 101403
453 101575
453 101584
453 101774
453 101775
453 102314
453 103351
453 104861
453 105331
453 105429
453 105558
453 105676
453 106410
453 106849
453 107451
453 107808
453 107812
453 108346
453 109071
453 109220
453 109324
453 109450
453 109883
454 105088
454 105090
454 105091
454 105094
455 105088
455 105090
455 105091
455 105094
456 108049
457 102186
457 102897
457 105433
457 106018
457 107949
457 108343
457 109006
458 101383
458 102186
458 102897
458 105433
458 106018
458 107949
458 108343
458 109006
459 101735
459 108269
460 101414
460 101956
460 104890
460 107499
460 107564
460 108607
460 109495
460 109637
461 101414
461 101956
461 101996
461 102529
461 104890
461 107499
461 107564
461 108607
461 109637
462 101956
462 101996
462 102474
462 102529
462 105756
462 108607
462 109637
463 101956
463 101996
463 102474
463 102529
463 105756
463 108607
463 109637
464 102606
464 104996
464 106637
464 108436
464 108733
464 109468
465 102606
465 104996
465 106637
465 108436
465 108733
465 109468
466 102606
466 104996
466 106637
466 108733
466 109468
467 101824
467 102853
468 102517
469 100464
469 102192
469 105451
469 108112
470 109980
471 109980
472 109980
473 109980
474 109980
475 109980
476 109980
477 100644
477 109904
477 110066
478 101697
478 102232
478 105007
478 106396
478 106576
478 106963
479 105639
479 107144
480 106953
480 109278
481 107693
481 107988
481 108104
482 100353
482 101013
482 101232
482 105019
482 105439
482 106298
482 106473
482 106474
482 106804
482 106957
482 107072
482 107464
482 107830
482 108534
482 108535
482 109923
483 100092
483 100353
483 100383
483 100654
483 101232
483 101741
483 102033
483 102035
483 105439
483 106371
483 106473
483 106664
483 106804
483 106957
483 107072
483 107532
483 107830
483 108534
483 109137
483 109923
484 101568
484 104807
484 106740
484 107025
484 107910
484 109117
484 109160
484 109191
484 109512
485 100441
485 101568
485 102927
485 107025
485 107910
485 107948
485 109117
485 109191
485 109512
486 101793
487 102063
487 107924
488 109838
489 101061
489 107207
490 102664
490 105169
491 102664
492 100529
492 102023
492 105459
492 106433
492 109762
492 110040
493 105570
494 101597
495 101637
495 102903
495 109586
495 110056
496 107720
497 100921
497 104914
497 105562
497 106559
497 108051
497 109864
498 107019
499 101871
499 104929
499 107019
499 108009
499 108491
500 100695
500 100696
500 100698
501 100695
501 106476
502 101800
502 102303
502 102324
502 106568
503 102303
503 102324
503 105268
503 105504
503 106083
503 106568
503 107707
503 109513
504 100020
504 101044
504 101286
504 101465
504 101867
504 101888
504 101889
504 101890
504 102499
504 106530
504 106590
504 106641
504 106982
504 108226
504 108575
504 108761
504 109041
504 109532
505 101044
506 100100
506 106337
506 107029
506 107366
506 108067
506 108113
506 108169
506 108889
506 109535
507 101440
507 101488
507 104906
507 107187
507 107422
507 109524
507 109650
508 102534
509 109854
510 108131
510 108485
511 100817
511 101297
511 105038
511 105651
511 107157
511 108216
511 108505
511 109714
511 110005
512 100443
512 100715
512 101045
512 101166
512 101315
512 101718
512 102030
512 102109
512 102697
512 106062
512 107516
512 107876
512 107929
512 109194
512 109543
512 109545
512 109808
512 109810
513 100443
513 100715
513 101045
513 101166
513 101315
513 101718
513 102030
513 102109
513 102697
513 106062
513 107516
513 107876
513 107929
513 109194
513 109543
513 109545
513 109808
513 109810
514 100443
514 100715
514 101045
514 101166
514 101315
514 101718
514 102030
514 102109
514 102697
514 106062
514 107516
514 107876
514 107929
514 109194
514 109543
514 109545
514 109808
514 109810
515 100443
515 100715
515 101045
515 101315
515 101452
515 101492
515 101718
515 101809
515 101954
515 102030
515 102049
515 102494
515 102697
515 102718
515 105669
515 106013
515 106062
515 107418
515 107516
515 107550
515 107551
515 108368
515 108564
515 108570
515 108699
515 109194
515 109543
515 109544
515 109545
515 109808
515 109810
516 102691
516 108158
517 102691
517 108158
518 102691
518 108158
519 108158
520 100415
521 100871
521 105282
521 107744
521 108643
521 108671
521 109360
522 101178
522 105152
522 105153
522 105154
522 107087
522 107458
523 101178
523 105152
523 105153
523 105154
523 107087
523 107458
524 101178
524 105153
524 105154
524 107087
524 107458
525 101606
525 101745
525 105750
525 107530
525 107921
525 108057
525 108610
525 108633
525 108645
525 109334
525 109570
525 109896
526 108601
527 105889
527 108181
527 108242
528 101223
528 102019
528 105586
528 108073
528 108141
529 102394
530 102445
531 105606
531 107847
532 100852
532 105056
532 105822
532 109288
533 105446
533 107976
534 109140
535 100226
535 102111
535 102449
535 105229
535 105261
535 105263
535 105296
535 107039
536 101615
537 101615
538 108082
539 102442
539 105487
540 109102
540 109141
541 102216
541 102217
541 108235
541 108641
541 108928
541 109244
541 109270
542 102471
542 108059
542 108060
543 102725
543 108059
543 108060
543 108973
544 105278
545 109330
546 100881
546 101069
546 102417
546 102553
546 106012
546 106069
546 106363
546 106632
546 106701
546 107107
546 107224
546 109304
547 107239
548 100699
548 101518
548 101612
548 101982
548 104895
548 104989
548 104991
548 105876
548 106330
548 106625
548 107482
548 108022
548 109701
549 100833
549 101990
549 102149
549 104993
549 107457
549 108266
550 102819
550 106313
550 107448
550 109991
551 106359
551 106376
551 106487
551 108447
551 108468
551 109715
552 100025
552 100503
552 101043
552 101340
552 102775
552 104978
552 109370
553 100025
553 100503
553 101340
553 102775
553 104977
553 107165
553 109370
554 106020
555 100131
555 101109
555 101247
555 102642
555 107318
555 107643
555 109615
556 100131
556 101109
556 101247
556 102642
556 105785
556 107318
556 107643
556 109615
556 109628
557 101109
557 107639
557 109128
558 106411
559 109959
560 109959
561 108348
562 108348
563 106515
563 108410
563 108695
563 109239
564 106515
564 108410
564 108695
564 109239
565 100074
565 101863
565 102117
565 102243
565 105024
565 106515
565 106588
565 107536
565 108410
565 108466
565 108695
565 109239
566 100074
566 101863
566 102117
566 102243
566 105024
566 106515
566 106588
566 107536
566 108410
566 108466
566 108695
566 109239
567 100074
567 101863
567 102117
567 102243
567 105024
567 106515
567 106588
567 107536
567 108410
567 108466
567 108695
567 109239
568 100074
568 102117
568 102243
568 105024
568 106515
568 106588
568 107536
568 108410
568 108466
568 108695
568 109239
569 100711
569 107940
570 105871
570 109142
571 109326
572 107433
572 108606
572 108632
573 100563
573 104905
573 107565
574 102641
574 106547
574 109571
575 104939
575 109988
576 104939
577 105754
578 107994
578 108562
579 108562
580 108562
580 109889
581 100662
581 101211
581 102283
581 102284
581 102771
581 105864
581 105941
581 106956
581 107379
581 107925
581 108339
581 108435
581 108637
582 101211
582 102284
582 105941
582 107664
582 107754
582 108339
582 108637
583 100144
583 102647
583 102712
583 105899
583 106523
583 106946
583 107809
583 108072
583 108719
584 100144
584 102712
584 105899
584 107809
584 108072
584 108719
585 100845
585 105707
585 107271
586 105447
587 101393
587 102941
587 105313
587 105430
587 106279
587 107732
587 107918
588 101393
588 102941
588 105430
588 107732
588 107918
589 101658
589 101785
589 104834
590 101112
590 106765
590 107389
591 100448
591 109844
592 105004
592 109049
592 109757
593 105004
593 109049
593 109757
594 101299
594 109059
594 109479
