700 2357 100001
0 101552
1 102683
2 101119
2 101621
2 102506
2 106682
2 106925
2 109404
3 102809
4 108367
4 109192
5 107517
5 108845
5 109192
6 107517
6 108845
6 109192
7 100775
7 109475
8 100482
9 101690
10 101706
10 104848
10 105035
10 105060
10 105588
10 105846
10 106289
10 106587
10 107727
10 109396
10 109563
11 101586
11 102944
11 109103
11 109489
12 101586
12 109103
13 102385
13 107722
13 109249
13 109284
14 105965
15 102182
15 105699
15 105849
15 106642
15 107768
15 109200
16 104836
16 107230
16 107301
16 107455
16 107831
16 108659
17 101108
18 101810
18 102320
18 105765
18 106552
18 107197
18 108313
18 109150
18 109351
19 102958
19 107862
20 102122
20 107567
20 109695
21 107376
21 108957
22 107040
23 102473
23 107445
24 101473
24 108180
25 101473
25 108180
25 109874
26 109111
27 101464
27 107545
27 107631
27 108598
28 101464
28 107545
28 107631
28 108598
29 108248
30 100782
30 101060
30 106400
30 108685
31 105128
31 105308
31 107587
32 109553
32 109579
33 100035
33 101687
33 107725
33 108089
34 100035
34 101687
34 106894
34 107725
34 108089
35 100356
35 100506
35 100520
35 100831
35 102120
35 102358
35 102462
35 102496
35 102569
35 102759
35 102793
35 107243
35 107328
36 100356
36 100506
36 100520
36 100831
36 102120
36 102358
36 102462
36 102496
36 102569
36 102759
36 102793
36 107243
36 107328
37 100356
37 100506
37 100520
37 100831
37 102120
37 102358
37 102462
37 102496
37 102569
37 102759
37 102793
37 105657
37 106861
37 107243
37 107328
37 108908
37 109619
38 100356
38 100506
38 100520
38 100831
38 101428
38 102358
38 102462
38 102569
38 102759
38 105657
38 106861
38 107328
38 108286
39 100506
39 100520
39 100831
39 102358
39 102462
39 102569
39 105657
39 106861
39 107328
40 100603
40 102850
40 107726
40 108457
41 100603
41 102850
41 107726
42 106446
42 107042
43 102846
43 105206
43 106446
43 107042
44 101942
45 105721
46 105721
46 106621
46 106896
47 108847
47 109835
48 102454
48 105773
49 105155
49 105156
49 105157
49 105158
49 105159
49 105160
49 106440
50 102025
51 101765
51 102025
52 100377
52 100570
52 102467
52 103073
52 108936
52 109459
52 109496
52 109517
53 102336
53 107036
54 102336
54 107036
55 100772
56 100304
56 101114
56 101555
56 102784
56 104871
56 105424
56 106997
56 107191
56 107286
56 109124
57 102871
58 102072
59 102386
59 105417
59 106591
60 100894
60 101471
60 102208
60 102289
60 102599
60 102668
60 108196
61 105200
61 105988
62 100066
62 101390
62 105200
62 105988
63 107074
63 107534
63 107535
64 107908
65 106699
66 106699
67 100031
67 101254
67 101336
67 101425
67 101699
67 102197
67 105543
67 105968
67 106611
67 107658
67 108623
67 109391
67 109952
68 100403
68 102911
68 104954
68 106659
68 108684
68 109466
69 100014
69 101048
69 102913
69 105930
69 106727
69 108756
70 101048
70 105930
70 106727
71 102039
71 102347
71 104783
71 105795
71 105906
71 107290
71 110055
72 106454
72 108275
72 109376
73 101410
73 102328
73 106577
73 108371
73 108451
73 109951
73 110010
74 100720
74 101993
74 105462
74 107618
74 108692
74 108886
74 110070
75 100720
75 101796
75 101993
75 105462
75 106575
75 107618
75 107933
75 108542
75 108692
75 108886
75 110070
75 110071
76 100720
76 101993
76 105462
76 107505
76 107618
76 107933
76 108542
76 108692
76 108830
76 108886
76 110070
76 110071
77 100720
77 101993
77 105462
77 107505
77 107618
77 107933
77 108542
77 108692
77 108886
77 110070
77 110071
78 107912
79 107912
80 103212
80 108105
80 110004
81 108064
82 100522
82 100869
82 101838
82 102255
82 107071
82 107344
82 107689
82 108872
83 100522
83 100869
83 101838
83 102255
83 104812
83 106758
83 107501
83 109549
84 100522
84 100869
84 101838
84 102255
84 104812
84 106758
84 107501
84 109549
85 100522
85 100869
85 101838
85 102255
85 104812
85 106758
85 107501
85 109549
86 102543
86 103082
86 103083
86 103084
86 105175
86 105856
86 107177
86 108784
86 108912
86 110035
86 110042
86 110043
86 110044
87 102861
87 105051
87 107770
88 106382
88 109380
88 109872
89 102245
89 102727
89 102914
89 106566
89 108452
89 109340
90 101308
90 108661
91 108741
92 100626
93 102763
94 108794
94 109161
95 108794
96 100932
96 106714
96 107442
97 100994
97 101622
97 101756
97 102527
97 105014
97 105387
97 105759
97 106043
97 106074
97 106404
97 106555
97 107263
97 107690
97 108434
97 108935
97 109303
97 109437
97 109480
97 109609
98 100752
98 100994
98 101622
98 102527
98 105014
98 105387
98 105759
98 106074
98 106404
98 107263
98 108434
98 108935
98 109437
98 109480
99 107043
100 101455
100 105746
100 109126
101 100434
101 100651
101 100787
101 100981
101 101222
101 101490
101 101836
101 102241
101 102372
101 102633
101 104835
101 105097
101 105098
101 105100
101 105886
101 106286
101 106378
101 108159
101 109315
102 100434
102 100651
102 100787
102 100981
102 101222
102 101490
102 101836
102 102241
102 102372
102 102633
102 104835
102 105097
102 105098
102 105100
102 105886
102 106378
102 106950
102 107315
102 108903
102 109315
103 105013
103 105193
103 107092
103 108191
103 109764
104 105287
104 105896
105 108385
106 100248
106 100538
106 100580
106 100593
106 100904
106 101591
106 102406
106 104810
106 104815
106 104894
106 104956
106 104957
106 107549
106 108120
106 108864
106 108934
106 108961
106 109783
107 107253
108 102100
108 105663
108 106436
109 102419
110 101536
110 107692
111 101536
111 107692
112 102892
112 107120
113 101665
114 100766
114 101335
114 105297
115 100766
115 101335
115 105297
116 102865
116 102946
116 105083
116 106771
116 109178
117 100641
117 102463
117 102608
117 104916
117 105052
117 106541
117 106562
117 107396
117 108438
117 108862
117 109061
117 109314
117 109428
117 109514
118 101486
118 102762
118 106326
118 106652
118 108604
118 109574
118 109914
119 100381
120 100381
120 102733
120 105599
121 102223
121 106651
121 107031
122 107082
122 107327
122 107512
123 102084
123 102947
123 105832
123 106581
123 108786
124 101900
124 106823
124 107134
124 108834
125 106823
125 107134
125 108834
126 108040
127 109295
128 100143
128 100801
128 100946
128 102333
128 105233
128 106038
128 106331
128 107637
128 109144
129 101064
129 101208
129 105067
129 105163
129 106604
129 106824
130 102684
130 107415
130 108257
131 104922
132 101631
132 101692
132 105954
133 109440
133 109956
133 110077
134 109256
135 100899
135 102678
135 105508
135 106782
135 107178
135 107607
135 107984
135 109127
135 109766
136 102470
136 102568
136 102678
136 104878
136 105508
136 106782
136 107178
136 107466
136 107984
136 108593
136 108871
136 109127
136 109766
137 100497
137 102470
137 102559
137 102568
137 102678
137 104878
137 105508
137 106782
137 107466
137 107984
137 108538
137 108593
137 108871
137 109127
137 109453
137 109766
137 109791
138 100497
138 102470
138 102559
138 102568
138 102678
138 104878
138 105508
138 106782
138 107466
138 107984
138 108538
138 108593
138 108871
138 109127
138 109453
138 109766
138 109791
139 100497
139 102470
139 102559
139 102568
139 102678
139 104878
139 105508
139 106782
139 107466
139 107984
139 108538
139 108593
139 108871
139 109127
139 109453
139 109766
139 109791
140 100497
140 102470
140 102559
140 102568
140 102678
140 104878
140 105508
140 106782
140 107466
140 107984
140 108538
140 108593
140 108871
140 109127
140 109453
140 109766
140 109791
141 100497
141 102470
141 102559
141 105508
141 106782
141 107466
141 107984
141 108538
141 108593
141 108871
141 109127
141 109262
141 109453
141 109766
141 109791
142 105508
142 106782
142 108871
143 100907
143 101246
143 101376
143 101484
143 101613
143 101654
143 105124
143 105695
143 105739
143 106992
143 107112
143 107875
143 109613
144 100907
144 101246
144 101376
144 101484
144 101613
144 102468
144 105124
144 105695
144 105739
144 106416
144 107015
144 107112
144 107875
144 108849
144 109298
144 109441
144 109613
145 100907
145 101246
145 101376
145 101484
145 101613
145 102468
145 105124
145 105695
145 105739
145 106416
145 107015
145 107112
145 107875
145 108084
145 108849
145 109298
145 109441
145 109613
146 100907
146 101376
146 101484
146 101613
146 102468
146 105124
146 105695
146 106416
146 108084
146 108773
146 109298
147 105132
147 105509
147 105869
147 109033
148 105509
148 105869
148 109033
149 102391
149 102393
150 102391
150 102393
150 109816
151 101394
151 102391
151 102393
151 109816
152 105217
153 102237
153 102312
153 105530
153 107735
154 109760
155 105285
155 106078
156 100851
156 105285
156 106078
157 100487
157 100751
157 102509
157 102618
157 105212
158 100487
158 100751
158 102388
158 102509
158 102595
158 102618
158 105212
159 107494
159 109293
160 100494
160 101244
160 101595
160 102056
160 102169
160 102609
160 102620
160 102798
160 104736
160 105902
160 106082
160 106432
160 106768
160 107322
160 109603
161 101244
161 101595
161 102056
161 102620
161 102798
161 105902
161 106082
161 106768
162 101206
163 101206
164 101206
165 101206
166 100299
166 101535
166 105460
166 107954
167 100299
167 100511
167 101535
167 105058
167 105460
168 106047
168 107493
168 108578
168 109825
169 106047
169 107493
169 109825
170 100376
170 101131
170 101346
170 104817
170 105059
170 106104
170 106303
170 106451
170 106528
170 106730
170 107148
170 107292
170 108108
170 108182
170 108473
170 109333
170 109533
171 100339
171 100811
171 102591
171 105475
171 105598
171 106744
171 108571
172 101173
172 102104
172 102345
172 105490
172 105523
173 102563
173 102729
173 102738
173 104972
173 105635
173 106364
173 107284
173 107439
173 107776
173 108363
173 108735
173 109856
173 109982
174 102675
174 105018
174 107391
174 108954
174 109221
175 101753
176 100358
176 100476
176 104940
176 105227
176 106348
176 107583
176 108299
176 109799
177 100358
177 100476
177 101325
177 104940
177 106348
177 108299
177 108653
177 108997
177 109799
178 109772
179 105180
180 101373
180 102671
181 105732
182 105732
183 108312
184 101710
184 106661
184 106686
185 101292
185 102813
185 107018
185 108174
185 108831
185 109668
186 100317
186 107753
187 105741
188 105842
188 105843
189 105187
189 105801
189 107651
190 101122
190 106307
191 101122
191 106307
192 100150
192 106494
192 108256
193 100150
193 104935
193 108256
194 100150
194 108256
195 100150
196 100373
196 102753
196 106391
196 107272
196 108782
196 109422
197 100373
197 102213
197 102753
197 106281
197 106391
197 107272
197 108782
197 109422
197 109478
197 109634
198 100373
198 101724
198 102213
198 105126
198 106281
198 106391
198 107272
198 107409
198 108782
198 109422
198 109634
199 100373
200 101041
201 101579
201 105213
201 107139
201 107513
201 108775
201 108983
201 109748
201 109828
202 100134
203 106031
203 109023
203 109027
204 105724
205 105724
206 101999
206 107285
206 107915
206 109378
207 100369
207 107630
207 108007
208 100369
208 100371
208 102424
208 105048
208 107630
208 108007
208 109218
208 109401
209 100340
209 101617
209 102000
209 104967
209 105085
209 105603
209 105609
209 105833
209 106291
209 107249
209 107900
209 107901
209 108129
209 109208
209 109738
210 100324
210 109222
211 106688
211 107603
211 107729
211 108124
212 101117
212 102332
212 104968
212 106070
212 106292
213 101117
213 101600
213 101618
213 102112
213 102332
213 104968
213 104969
213 106070
213 106292
213 108873
213 109016
213 109739
214 101117
214 101600
214 101602
214 101604
214 102112
214 102313
214 102332
214 102700
214 104968
214 104969
214 105674
214 106070
214 106292
214 108873
214 109016
214 109739
215 101117
215 101600
215 101602
215 101604
215 102112
215 102313
215 102332
215 102700
215 104968
215 104969
215 105674
215 106070
215 106292
215 108873
215 109016
215 109739
216 108774
217 105208
217 107746
217 109651
217 109652
217 109863
218 101681
218 105267
218 109652
219 100161
219 101892
219 102089
219 107099
219 108893
219 109642
219 109921
220 100161
220 101892
220 102089
220 102896
220 104853
220 104863
220 107099
220 108893
220 109642
220 109921
221 100161
221 102089
221 102896
221 104853
221 104863
221 106110
221 109642
221 109921
222 101084
222 104921
222 105362
222 105706
222 105909
222 108640
222 109542
223 104965
223 107126
223 107395
223 107996
223 109657
224 104965
224 107126
224 107395
224 107996
224 109657
225 104965
225 105774
225 107126
225 107395
225 107758
225 109657
225 109671
226 105119
226 105454
226 106040
226 106439
226 108530
227 102777
228 110023
229 105575
230 105575
230 106059
231 100540
231 100542
231 106272
231 107374
232 100159
232 101179
233 101607
233 102008
233 102962
233 105518
233 105601
233 106275
233 107687
233 108479
233 109029
234 105140
234 105141
234 108627
235 101543
236 100647
236 106660
237 100989
237 101500
237 105565
237 108496
237 109572
237 109660
238 105366
239 105366
240 105174
240 108518
240 108519
241 101207
241 106276
241 107424
241 107718
241 108001
241 109286
242 108001
243 102601
243 109818
244 102404
244 107641
245 102440
245 108544
245 108808
246 101003
246 101235
246 102437
246 105811
246 107766
246 108793
247 106452
248 103093
248 105730
248 106452
248 109353
248 109354
249 108127
249 109986
250 101276
250 109995
251 100735
251 101147
251 101148
251 101445
251 102285
251 105612
251 106053
251 106544
251 108100
251 108203
251 108398
251 108537
251 108868
251 109234
252 101148
252 101445
252 102285
252 102702
252 106053
252 106544
252 107526
252 107617
252 108203
252 108398
252 108537
252 108868
252 109234
253 100689
253 100690
253 100691
253 102349
253 102455
253 105286
253 107443
253 108071
253 109704
254 100689
254 100690
254 100691
254 100693
254 100993
254 101258
254 102349
254 105286
254 107443
254 108071
254 109369
254 109413
254 109704
255 100855
255 101175
255 102438
255 105379
255 105495
255 107200
255 107704
255 108577
256 101708
257 100680
257 100865
257 101619
257 102802
257 102803
257 105211
257 107539
257 109576
258 102163
258 107305
258 107408
258 109486
258 109659
258 109981
258 109989
259 101012
259 108047
259 108999
260 105742
261 105192
261 109558
262 101220
262 101911
262 101959
262 102572
262 105463
262 105484
262 105767
262 108681
263 101220
263 101911
263 101959
263 102572
263 105463
263 105767
263 108681
264 100343
264 101220
264 101911
264 101959
264 105463
264 105767
265 101812
265 102228
265 106553
265 109909
266 100277
266 100642
266 107386
266 107916
266 109143
267 101564
267 105248
267 107487
267 110014
268 101564
268 105248
268 107487
269 101101
269 109188
270 100433
270 101502
270 105300
270 108822
271 100308
271 102353
271 108244
271 109122
271 109811
272 105952
272 108244
272 109811
273 100793
273 102891
273 105591
273 106630
273 108030
273 108547
274 100710
274 105662
274 107162
275 100599
275 100839
275 102636
275 102734
275 105305
275 105344
275 105662
275 106969
275 107088
275 107162
275 107886
275 107934
275 108818
276 101251
276 105323
276 109149
276 109388
277 100536
277 107999
277 108170
277 108801
277 109312
278 100465
278 106387
278 108125
278 108907
278 109792
279 106108
279 107027
279 109064
280 108161
281 105519
281 110061
282 100502
282 101711
282 105501
282 105537
282 106448
282 107671
282 108126
282 108222
282 108730
282 108995
283 101005
283 105195
283 105403
283 106923
283 107578
283 108220
284 105453
284 107578
284 107660
285 102674
285 104876
286 102674
287 102235
287 106102
288 102235
288 106102
289 102166
289 105340
289 105432
289 107655
290 100945
290 101416
290 102405
290 107765
290 107969
290 108011
290 108332
290 108421
290 108979
291 107365
292 105274
292 108943
292 109355
293 101435
293 107196
293 109472
294 101435
294 107196
294 109472
295 101435
295 107196
295 109472
296 101435
296 107196
296 109472
297 101684
297 101685
298 100608
298 100890
298 106383
298 106620
298 108400
298 108418
298 109135
298 109713
299 100608
299 100890
299 106383
299 106620
299 108400
299 108418
299 109135
299 109713
300 100608
300 100890
300 106383
300 106620
300 109135
300 109713
301 109135
302 100424
302 102921
302 107300
302 108263
302 109051
302 110064
303 100449
303 102311
303 102423
303 107324
303 107677
303 110011
304 100449
304 102311
304 102423
304 107324
304 107677
304 110011
305 107462
306 100806
306 102677
306 106438
306 107103
307 105120
308 101261
308 108298
309 102326
309 105640
309 108432
309 109583
310 102326
310 105640
310 108432
310 109583
311 101780
311 102326
311 105640
311 108432
311 109583
312 100612
312 100936
312 105257
312 107335
312 109386
312 109666
313 100936
313 101099
313 102634
313 105021
313 105257
313 105431
313 105567
313 106339
313 107335
313 109285
313 109386
313 109666
313 110041
314 100655
314 100936
314 101099
314 105021
314 105257
314 105345
314 105431
314 105567
314 106339
314 107335
314 109285
314 109666
314 110001
315 100655
315 100936
315 101099
315 105021
315 105345
315 105431
315 105567
315 106339
315 107335
315 109285
315 109666
315 110001
316 102098
316 105130
316 105299
316 105339
316 106597
316 107944
316 109070
317 100455
317 100461
317 101995
317 105130
317 105312
317 107514
318 101188
318 101948
318 102115
318 102868
318 105130
318 107711
318 108911
319 100523
319 101188
319 101948
319 102115
319 102868
319 105130
319 106655
319 107711
319 108911
320 100523
320 101188
320 101948
320 102115
320 102868
320 105130
320 106655
320 107711
320 108911
321 100523
321 101188
321 101948
321 102115
321 102868
321 105130
321 106655
321 107711
321 108911
322 100523
322 101188
322 101948
322 102115
322 102868
322 105130
322 106655
322 107711
322 108911
323 101188
323 101948
323 102115
323 102868
323 105130
323 105561
323 105983
323 107711
323 108911
324 105130
324 106692
324 106733
325 105130
325 106692
325 106733
325 108103
326 105130
326 105384
326 105385
326 107989
327 105130
327 106302
328 100457
328 100459
328 101563
328 101651
328 101709
328 101854
328 102143
328 102528
328 105055
328 105130
328 105455
328 105550
328 107321
329 101651
329 105130
330 105130
331 105130
332 102151
332 102251
332 105130
332 105189
332 105681
332 105828
332 107595
332 108370
332 109260
332 109389
333 105130
333 106643
334 105130
334 105314
334 105692
334 107851
335 101640
335 102215
335 105905
335 109832
336 101640
336 102215
336 105905
336 109832
337 101407
338 101778
338 106293
338 106610
338 106936
338 109172
338 109918
339 100864
339 101716
339 101778
339 102087
339 104947
339 105196
339 105474
339 106000
339 106293
339 106936
339 108963
339 109172
339 109793
339 109918
340 100259
340 100864
340 101778
340 102577
340 102920
340 104947
340 105196
340 106000
340 108963
340 109172
340 109669
341 100259
341 102577
341 102920
341 104947
341 105196
341 106000
341 108963
341 109172
341 109669
342 102577
342 102920
342 104947
342 105196
342 109172
342 109669
343 102920
343 104947
343 105196
343 109669
344 102920
344 104947
344 105196
344 109669
345 100017
345 101720
345 102340
345 102742
345 102750
345 105377
345 105438
345 106423
346 101225
346 101408
346 101442
346 101540
346 102003
346 107218
346 107946
346 108533
346 108602
346 108710
346 108890
346 109044
346 109410
346 109552
346 109743
346 109938
346 110047
347 101225
347 101408
347 101442
347 101540
347 102003
347 107218
347 107946
347 108533
347 108602
347 108710
347 108890
347 109044
347 109410
347 109552
347 109743
347 109938
347 110047
348 101225
348 101408
348 101442
348 101540
348 101841
348 101869
348 102003
348 102150
348 107218
348 107946
348 108533
348 108602
348 108710
348 108890
348 109044
348 109410
348 109552
348 109743
348 109938
348 110047
349 100399
349 100702
349 101225
349 101408
349 101442
349 101540
349 101841
349 101869
349 102003
349 102150
349 102581
349 102833
349 107218
349 107946
349 108533
349 108602
349 108710
349 108722
349 108890
349 109044
349 109410
349 109552
349 109743
349 109938
349 110047
350 101255
350 101442
350 101540
350 101742
350 101841
350 101869
350 101957
350 102003
350 102150
350 102581
350 102833
350 107218
350 107946
350 108533
350 108602
350 108722
350 108890
350 109044
350 109552
350 109743
350 109938
350 110047
351 100336
351 108966
352 100336
352 100404
352 108966
353 102055
353 102278
353 105932
353 106837
353 108340
354 105372
355 109947
355 109968
355 110029
356 100397
356 100606
356 101656
356 102139
356 102244
356 105448
356 107524
356 108567
356 108700
356 109153
356 110025
357 102441
357 102705
358 104923
359 104923
360 101138
360 101257
360 101320
360 105234
360 108480
360 109412
360 109433
360 109673
360 109733
361 101138
361 101257
361 101320
361 105234
361 106002
361 108480
361 109412
361 109733
362 101019
362 109649
363 108331
364 101174
364 106728
364 107791
365 101547
365 101755
365 105369
366 100050
366 101623
366 101806
366 107348
366 107427
366 108133
366 108338
366 108638
367 100050
367 101623
367 101806
367 101878
367 105390
367 107348
367 107427
367 108133
367 108135
367 108338
367 108638
368 101722
368 101878
368 105390
368 107348
369 101366
369 105788
369 109001
370 101626
370 102643
370 105397
370 108359
370 108559
371 105936
371 108561
372 105936
372 108561
372 109162
372 110082
373 105936
373 108006
373 108561
373 109162
373 110082
374 102011
374 102159
374 105005
374 105271
374 106046
374 108006
374 108561
374 109162
374 110082
375 102011
375 102159
375 105005
375 105271
375 108413
375 108561
375 110082
376 105271
376 105272
376 108561
377 101805
377 106881
377 107073
377 107803
377 109588
377 109999
378 100645
378 102741
378 105243
379 102392
379 105641
379 107470
380 100019
380 100370
380 100386
380 100598
380 101481
380 106762
380 107470
380 107701
380 108771
380 109215
380 109374
380 109421
380 109582
381 100019
381 100370
381 100386
381 100598
381 101481
381 106762
381 107470
381 107701
381 108771
381 109215
381 109374
381 109421
381 109582
382 100370
382 100386
382 100598
382 101481
382 106762
382 107470
382 107701
382 109215
382 109582
383 100673
383 101946
383 104896
383 105264
383 107470
383 108204
384 100673
384 101096
384 101201
384 101946
384 104814
384 104896
384 105264
384 106680
384 107470
384 108204
384 109680
385 100673
385 101096
385 101201
385 101946
385 104805
385 104896
385 105264
385 106315
385 106403
385 106680
385 107470
385 108204
385 109584
385 109680
386 101202
386 101311
386 105949
386 106719
386 107470
386 108314
386 109420
387 100792
387 107470
388 107470
388 109607
389 102379
389 107470
390 100069
390 100384
390 100638
390 101348
390 101349
390 101350
390 101352
390 101406
390 101828
390 101902
390 102297
390 102375
390 102465
390 102530
390 102806
390 105072
390 105081
390 105528
390 105595
390 105733
390 105888
390 106511
390 106696
390 107405
390 107470
390 107993
390 108041
390 108192
390 108617
390 108785
390 109030
390 109119
390 109403
390 109722
390 109971
390 110062
391 100530
391 105425
391 106420
392 102398
393 105066
394 105066
395 102807
395 107841
395 109397
396 101357
396 101989
396 106068
396 108590
396 109876
397 100268
397 100480
397 101028
397 106785
397 106941
397 108154
397 108634
397 108644
398 100052
398 108634
398 108644
399 100843
399 101118
399 105006
399 105740
399 107489
400 107411
401 107045
401 107582
401 109750
402 107045
402 109638
403 107045
403 109638
404 107045
404 109638
405 100507
405 101271
405 101674
405 101998
405 104997
405 105104
405 108858
406 101826
406 105851
407 100321
407 100768
407 101152
407 107881
408 100467
409 101529
409 102908
409 102909
409 104963
409 108516
409 108621
409 108900
410 101529
410 102788
410 102908
410 102909
410 104962
410 104963
410 108516
410 108621
410 108900
411 101140
411 101275
411 105903
411 107128
411 107326
412 102786
412 105937
412 107001
413 100671
413 100764
413 102786
413 102825
413 105555
413 105937
413 106117
413 106373
413 106653
413 106907
413 107001
413 107330
413 107579
413 107609
413 108581
414 100668
414 100671
414 100764
414 102786
414 102825
414 105555
414 105937
414 106117
414 106373
414 106653
414 106907
414 107001
414 107330
414 107579
414 107609
414 108581
414 109028
415 100022
415 100119
415 100335
415 100435
415 100668
415 100740
415 100764
415 100868
415 101457
415 101657
415 101766
415 102148
415 102786
415 102825
415 102843
415 104898
415 105555
415 105937
415 106077
415 106084
415 106373
415 106605
415 106653
415 106880
415 106907
415 107001
415 107330
415 107579
415 107609
415 107825
415 108130
415 108581
415 108836
415 109028
415 109656
415 109887
416 100022
416 100119
416 100335
416 100435
416 100668
416 100740
416 100764
416 100868
416 101457
416 101657
416 101766
416 102141
416 102148
416 102786
416 102825
416 102843
416 104898
416 105441
416 105555
416 105937
416 105992
416 106084
416 106373
416 106605
416 106653
416 106880
416 106907
416 107001
416 107330
416 107579
416 107609
416 107825
416 108130
416 108581
416 108836
416 109028
416 109656
416 109887
417 100119
417 100335
417 100435
417 100668
417 100740
417 100764
417 100868
417 101457
417 101657
417 101766
417 102141
417 102786
417 102825
417 102843
417 104898
417 105441
417 105555
417 105937
417 105992
417 106084
417 106274
417 106373
417 106605
417 106653
417 106880
417 106907
417 107001
417 107330
417 107609
417 107825
417 108130
417 108134
417 108581
417 109028
417 109887
418 100475
418 100668
418 100740
418 100868
418 101457
418 101657
418 102141
418 102786
418 104808
418 104824
418 104898
418 105114
418 105555
418 105745
418 105992
418 106084
418 106373
418 106653
418 106880
418 106907
418 107330
418 108134
418 108581
418 109887
419 100475
419 100668
419 100740
419 100868
419 101457
419 101657
419 102141
419 102786
419 104808
419 104824
419 104898
419 105114
419 105555
419 105745
419 105992
419 106084
419 106373
419 106653
419 106880
419 106907
419 107330
419 108134
419 108581
419 109887
420 100475
420 100740
420 100868
420 101457
420 101657
420 102141
420 102786
420 104808
420 104824
420 104898
420 105114
420 105555
420 105745
420 105992
420 106373
420 106653
420 106880
420 106907
420 107330
420 108134
420 108581
420 109887
421 100475
421 100740
421 100868
421 101457
421 101657
421 102141
421 102786
421 104808
421 104824
421 104898
421 105114
421 105555
421 105745
421 105992
421 106373
421 106653
421 106880
421 106907
421 107330
421 108097
421 108134
421 108581
421 109887
422 100475
422 100740
422 100868
422 101457
422 101657
422 102141
422 102786
422 104808
422 104824
422 104898
422 105114
422 105555
422 105745
422 105992
422 106373
422 106653
422 106880
422 106907
422 107330
422 108097
422 108134
422 109887
423 100557
423 100620
423 102982
423 108495
424 102685
424 107854
424 107896
425 106368
425 108646
426 107371
427 106025
428 104930
429 105117
429 107763
429 109193
430 108764
431 107440
432 100744
432 100942
432 102943
432 104874
432 105336
432 105975
432 105979
432 106063
432 106525
432 106871
432 107242
432 107509
432 107813
432 107817
432 108441
432 108829
433 100744
433 100942
433 102943
433 104874
433 105336
433 105975
433 105979
433 106063
433 106525
433 106871
433 107242
433 107509
433 107813
433 107817
433 108441
433 108829
434 100744
434 100942
434 102943
434 104874
434 105336
434 105975
434 105979
434 106063
434 106525
434 106871
434 107242
434 107509
434 107813
434 107817
434 108441
434 108829
435 100700
435 100866
435 106301
435 106927
435 106976
435 107964
435 108026
435 108744
436 102854
436 105139
436 105343
436 105727
436 105736
436 106415
436 107032
436 107234
436 107950
436 108189
436 108474
436 108595
436 109053
436 109655
437 100653
437 100818
437 102198
437 102854
437 105139
437 105343
437 105736
437 106316
437 106415
437 106428
437 106929
437 106937
437 107234
437 107950
437 108189
437 108190
437 108595
437 109053
437 109132
437 109655
437 110065
438 102854
439 102854
440 105614
440 107870
440 110072
441 106481
441 107160
442 107650
443 107650
444 106051
445 106051
446 106051
447 100935
448 100935
449 101616
449 102233
449 107943
450 102715
450 106353
450 108148
451 105238
451 109426
452 101310
452 106469
452 106582
452 106833
452 107238
453 107998
453 109307
454 100374
454 100575
454 100857
454 100910
454 102315
454 104892
454 106522
454 107733
454 107998
454 108427
454 109307
455 100374
455 100857
455 100910
455 101549
455 102272
455 102315
455 104892
455 106522
455 107334
455 107733
455 107998
455 108218
455 108427
455 109307
456 100374
456 100910
456 102315
456 104892
456 106634
456 106704
456 107334
456 107733
456 108302
456 109213
456 109307
456 109824
457 101324
457 101635
457 105076
457 106989
457 108074
457 108243
457 108576
457 109169
458 101324
458 101635
458 108074
458 108243
458 108576
458 109169
459 101779
460 101779
460 101955
460 102133
460 106352
460 106867
460 107849
460 107990
460 109152
460 109741
460 109862
461 101779
461 102133
461 102951
461 106867
461 107990
461 109152
462 100352
462 101035
462 101715
462 102032
462 102549
462 102711
462 106493
462 106623
462 108790
462 109168
462 109399
463 100352
463 106623
463 109168
463 109399
464 109225
465 109020
466 102214
466 105797
466 106379
467 102400
467 106715
467 106716
467 108688
467 109364
467 109798
468 100355
468 101262
468 101426
468 101678
468 101707
468 102076
468 102502
468 103000
468 104826
468 105082
468 105149
468 105275
468 105399
468 105452
468 106358
468 106665
468 107114
468 107179
468 107201
468 107367
468 107467
468 107556
468 108109
468 108271
468 108352
468 108467
468 108609
468 108649
468 108672
468 108675
468 108757
469 100355
469 101262
469 101426
469 101678
469 101707
469 102076
469 102502
469 103000
469 104826
469 105082
469 105149
469 105275
469 105399
469 105452
469 106358
469 106665
469 107114
469 107179
469 107201
469 107367
469 107467
469 107556
469 108109
469 108271
469 108352
469 108467
469 108609
469 108649
469 108672
469 108675
469 108757
470 100355
470 100870
470 100943
470 101262
470 101678
470 102502
470 102922
470 104826
470 105082
470 105399
470 105611
470 105834
470 106358
470 106648
470 106665
470 106759
470 107114
470 107179
470 107201
470 107367
470 108109
470 108165
470 108271
470 108467
470 108649
470 108672
470 108675
470 108757
471 100238
471 100355
471 100870
471 101262
471 104826
471 106665
471 108467
471 108672
471 108757
472 100355
472 101262
472 104826
472 106665
472 108467
472 108757
473 102408
473 102605
473 104911
473 104944
473 106119
473 106928
473 107163
473 107459
473 108811
473 108820
473 109032
473 110074
474 101250
474 102696
474 105445
474 106971
474 107615
475 100033
475 100776
475 102043
475 102203
475 102444
475 104938
475 105036
475 105855
475 106054
475 106334
475 106335
475 107818
475 108081
475 108430
475 109212
475 109612
476 100419
476 102808
476 102935
476 103002
476 106050
476 106725
476 107289
477 106816
478 106735
478 107247
479 100917
479 107518
480 100040
480 100596
480 100917
480 107518
480 108386
480 109803
481 108489
481 108670
482 101399
482 101673
482 101748
483 101369
483 101370
484 102831
484 105752
484 106121
484 106366
484 106386
484 106863
484 107554
484 107821
484 108420
484 108586
484 108768
484 109310
484 109769
485 107872
485 109197
486 101874
486 107872
486 109167
486 109197
487 100481
487 101874
487 105437
487 106067
487 106099
487 106450
487 108188
487 108228
487 108780
487 108804
487 108925
487 109167
487 109197
487 109358
488 100481
488 101874
488 105437
488 106067
488 106099
488 106450
488 108188
488 108228
488 108780
488 108804
488 108925
488 109167
488 109197
488 109358
489 100481
489 101874
489 105437
489 106067
489 106099
489 106450
489 108188
489 108228
489 108780
489 108804
489 108925
489 109167
489 109197
489 109358
490 100481
490 101874
490 106067
490 106099
490 106450
490 108188
490 108228
490 108804
490 108925
490 109167
490 109197
490 109358
491 100481
491 101874
491 106067
491 106099
491 106450
491 108188
491 108228
491 108804
491 108925
491 109167
491 109197
491 109358
492 100331
492 100956
492 101309
492 101470
492 102308
492 102816
492 106593
492 106775
492 107955
492 108279
492 108442
492 108482
493 100956
493 101309
493 101470
493 102816
493 106775
493 108442
494 100001
494 106755
494 108384
494 108416
495 101991
495 106462
496 100661
496 101672
496 105044
496 108146
496 108867
497 100717
497 105574
497 105576
497 105642
497 107384
497 107663
497 108002
498 105576
498 107384
498 109446
499 108070
500 108347
501 102796
502 109958
503 100407
504 100712
504 108919
504 109747
505 100965
505 102432
505 102716
505 105269
505 109112
505 109702
506 101576
506 105373
506 108752
507 101576
507 105373
507 108752
508 101576
508 104964
508 105373
508 108110
508 108752
508 109301
509 107633
510 102352
510 107633
510 109895
511 107598
512 102026
512 104883
512 108037
513 101322
513 102026
514 101624
514 102046
515 102005
515 102069
515 109763
515 109865
516 102005
516 102069
516 109763
516 109865
517 100104
517 100473
517 100589
517 100633
517 100976
517 101104
517 101575
517 101774
517 102314
517 102456
517 103351
517 104861
517 105429
517 105558
517 105676
517 106410
517 107808
517 108346
517 109069
517 109243
517 109324
517 109395
517 110050
518 100104
518 100306
518 100473
518 100589
518 100633
518 100976
518 101104
518 101575
518 101774
518 102314
518 102456
518 103351
518 104861
518 105429
518 105558
518 105676
518 106410
518 106849
518 107451
518 107808
518 108346
518 109069
518 109220
518 109243
518 109324
518 109395
518 110050
519 100104
519 100306
519 100473
519 100589
519 100633
519 100976
519 101104
519 101575
519 101774
519 102314
519 102456
519 103351
519 104861
519 105429
519 105558
519 105676
519 106410
519 106849
519 107451
519 107808
519 108346
519 109069
519 109220
519 109243
519 109324
519 109395
519 110050
520 100104
520 100306
520 100473
520 100499
520 100589
520 100633
520 100976
520 101104
520 101575
520 101584
520 101774
520 101775
520 102314
520 102456
520 103351
520 104861
520 105429
520 105558
520 105676
520 106410
520 106849
520 107451
520 107808
520 108346
520 109069
520 109220
520 109243
520 109324
520 109395
520 109450
520 109848
520 109883
520 110050
521 100473
521 100589
521 100633
521 101086
521 101104
521 101575
521 101774
521 101775
521 102314
521 103351
521 104861
521 105429
521 105558
521 106410
521 106849
521 107812
521 109071
521 109220
521 109883
522 109963
523 108674
523 108677
524 100544
524 100545
524 100548
524 101184
524 101185
524 101186
525 100436
526 105088
526 105090
526 105091
526 105094
527 109098
528 102253
528 105101
528 107175
529 102186
529 102897
529 105433
529 106018
529 107949
529 108343
529 109006
530 100902
530 101209
530 107783
531 105510
532 100963
532 101040
532 101229
532 102242
532 102503
532 102655
532 105360
532 106683
532 106889
532 108901
533 101414
533 104890
533 107499
533 108607
533 109495
534 101414
534 104890
534 107499
534 108607
534 109495
535 101858
535 102606
535 104996
535 106637
535 107046
535 108733
535 109113
535 109468
536 100658
536 100796
536 105717
536 109869
537 100658
537 105717
537 106945
537 108132
537 109010
537 109780
537 109869
538 102478
538 102877
538 105364
539 100614
539 100754
539 102356
539 102517
539 109691
540 102635
540 109238
541 105541
542 108580
542 110080
543 109980
544 109980
545 109980
546 109980
547 100644
547 107435
547 109904
548 100644
548 107435
548 109904
549 108111
550 100353
550 100654
550 101013
550 101232
550 101449
550 102035
550 105019
550 105439
550 106298
550 106371
550 106473
550 106474
550 106664
550 106804
550 106957
550 107072
550 107464
550 107830
550 108534
550 108535
550 109923
551 100441
551 101568
551 107025
551 107910
551 107948
551 109117
551 109191
551 109512
552 101793
552 105270
553 100771
553 102063
553 102236
553 107924
553 109427
554 108668
555 102397
555 102427
555 104980
555 107361
555 107623
556 101272
556 102376
556 105789
556 109328
557 101272
557 109328
558 108651
559 101730
559 102421
559 105686
559 108079
559 108330
559 108425
559 108707
560 102367
560 109341
561 100529
561 102023
561 106433
561 109762
561 110040
562 102140
563 106488
564 106488
565 107838
566 104914
566 105562
566 108051
566 109864
566 110013
567 100921
567 104914
567 105562
567 108051
567 109864
568 100921
568 105562
569 102338
570 106435
570 106598
570 108990
571 108755
572 102010
573 100977
573 102575
574 101871
574 104929
574 107019
574 108009
574 108491
574 108592
575 101871
575 102746
575 104929
575 105069
575 105549
575 107019
575 107820
575 108009
575 108491
575 110007
576 105989
576 107774
577 102303
577 102324
577 105268
577 105504
577 106083
577 106568
577 107707
577 109513
578 102303
578 102324
578 105268
578 105504
578 106083
578 106568
578 107707
578 109513
579 102324
579 105268
579 106083
580 100020
580 101286
580 101867
580 101888
580 101891
580 102499
580 106590
580 106982
580 108575
580 108761
581 100020
581 101044
581 101286
581 101465
581 101867
581 101888
581 101889
581 101890
581 102499
581 106530
581 106590
581 106641
581 106982
581 108226
581 108575
581 108761
581 109041
581 109532
582 100020
582 101044
582 101286
582 101867
582 101888
582 101889
582 101890
582 102499
582 106530
582 106590
582 106641
582 106982
582 107383
582 108226
582 108575
582 109041
582 109532
583 100020
583 101044
583 101867
583 101888
583 101889
583 101890
583 102499
583 106530
583 106590
583 106641
583 106982
583 107383
583 108226
583 108575
583 109041
583 109532
584 101044
584 101867
584 101889
584 109532
585 106337
585 107030
585 108067
585 108169
585 108889
585 109504
585 109535
586 100100
586 106337
586 107029
586 107366
586 108067
586 108113
586 108169
586 108889
586 109535
587 100743
587 100903
587 102596
587 104974
587 107187
587 107261
587 109452
587 109524
587 109650
587 109820
588 100743
588 100903
588 101458
588 102596
588 104974
588 107187
588 107261
588 109452
588 109524
588 109650
588 109820
589 100743
589 100903
589 101440
589 101458
589 102596
589 104906
589 104974
589 107187
589 107261
589 107422
589 109452
589 109524
589 109650
589 109820
590 101743
590 105535
591 109854
592 100443
592 100715
592 101166
592 101315
592 101718
592 102030
592 102109
592 102697
592 106062
592 107516
592 107929
592 109194
592 109543
592 109545
592 109808
592 109810
593 100443
593 100715
593 101166
593 101315
593 101718
593 102030
593 102109
593 102697
593 106062
593 107516
593 107929
593 109194
593 109543
593 109545
593 109808
593 109810
594 100443
594 100715
594 101045
594 101166
594 101315
594 101718
594 102030
594 102109
594 102697
594 106062
594 107516
594 107876
594 107929
594 109194
594 109543
594 109545
594 109808
594 109810
595 100443
595 100715
595 101045
595 101315
595 101718
595 101809
595 102030
595 102109
595 102494
595 102697
595 106062
595 107418
595 107516
595 107929
595 108564
595 109194
595 109543
595 109544
595 109545
595 109808
595 109810
596 100443
596 100715
596 101045
596 101315
596 101452
596 101492
596 101718
596 101809
596 101954
596 102030
596 102049
596 102494
596 102697
596 105669
596 106013
596 106062
596 106071
596 107418
596 107516
596 107550
596 108368
596 108564
596 108570
596 108699
596 109194
596 109543
596 109544
596 109545
596 109808
597 100443
597 100705
597 100715
597 100823
597 101045
597 101452
597 101492
597 101718
597 101809
597 101954
597 102030
597 102049
597 102494
597 102697
597 105669
597 105704
597 106013
597 106062
597 106071
597 107418
597 107516
597 107550
597 108368
597 108564
597 108570
597 108699
597 109194
597 109543
597 109544
597 109545
598 100443
598 100705
598 100715
598 100823
598 101045
598 101452
598 101492
598 101718
598 101809
598 101954
598 102030
598 102049
598 102494
598 102697
598 104851
598 105669
598 105704
598 106062
598 106071
598 107418
598 107516
598 107550
598 108368
598 108564
598 108570
598 108699
598 109194
598 109543
598 109544
598 109545
599 100443
599 100705
599 100823
599 101045
599 101452
599 101492
599 101718
599 101809
599 101954
599 102030
599 102049
599 102494
599 102697
599 104851
599 105669
599 105704
599 105731
599 106062
599 106071
599 107418
599 107516
599 107550
599 108368
599 108564
599 108570
599 108699
599 109194
599 109543
599 109544
599 109545
600 100443
600 100705
600 100823
600 101045
600 101452
600 101492
600 101718
600 101809
600 101954
600 102030
600 102049
600 102494
600 102697
600 104851
600 105669
600 105704
600 105731
600 106062
600 106071
600 107418
600 107516
600 107550
600 108368
600 108564
600 108570
600 108699
600 109194
600 109543
600 109544
600 109545
601 102691
601 108158
602 105619
602 105626
602 105627
602 105634
603 105619
603 105627
603 105628
603 105629
603 105634
604 105619
604 105627
604 105631
605 105627
605 105631
606 100871
606 105282
606 107744
606 108671
606 109360
607 100871
607 105282
607 107155
607 107744
607 108643
607 108671
607 109360
608 101178
608 105152
608 105153
608 105154
608 107087
608 107458
609 109101
609 109703
610 101569
610 106845
610 108005
610 109562
611 105889
611 108181
611 108242
612 105889
612 108181
612 108242
613 105586
613 107538
613 108141
614 101223
614 102018
614 105586
614 107538
614 108141
615 101223
615 102019
615 105586
615 108073
615 108141
616 104840
617 105410
617 106931
617 108373
617 108639
618 100883
618 101300
618 102844
618 105854
618 109875
618 109916
619 108714
620 100974
620 107294
620 108977
621 102111
621 102852
622 101794
622 105467
622 106385
623 107805
624 108082
625 101093
625 102416
625 102442
625 105485
626 100763
626 109102
626 109141
627 102725
627 107928
627 108059
627 108060
627 108973
627 108974
628 102725
628 107928
628 108059
628 108060
628 108973
628 108974
629 102725
629 108059
629 108973
630 106980
630 107086
630 107669
631 105278
631 106361
631 108401
632 101237
632 101561
632 102493
632 102603
632 105010
632 105184
632 105265
632 105279
632 106395
632 106594
632 107170
632 108024
632 108043
632 108926
632 109259
633 101159
633 101237
633 101561
633 101760
633 102493
633 102603
633 105184
633 105440
633 105757
633 105964
633 106395
633 108043
633 108669
633 108926
633 109510
633 109596
634 105115
635 105115
635 106981
635 108016
636 100634
636 106981
636 108016
636 108171
636 108620
636 108960
637 100634
637 106981
637 108016
637 108171
637 108620
637 108960
638 109066
639 101434
639 101740
639 108781
640 107098
641 107098
641 107265
641 109575
642 101787
642 107098
642 107265
643 101897
643 107169
643 107749
644 100833
644 102710
644 104993
644 105254
644 106019
644 106377
644 106805
644 107457
644 108266
645 100025
645 100503
645 101043
645 101340
645 102775
645 104978
645 109370
646 100025
646 100503
646 101043
646 101340
646 102775
646 104978
646 109370
647 102758
647 106020
647 109105
648 106020
649 101109
649 106811
650 101109
650 106811
651 101109
651 109342
652 100616
652 101109
652 106413
652 106608
652 107477
652 107683
652 107694
652 109565
652 109699
653 109959
654 109959
655 108348
656 109984
657 106515
657 108410
657 108695
657 109239
658 100074
658 101863
658 102117
658 102243
658 105024
658 106515
658 106588
658 107536
658 108410
658 108466
658 108695
658 109239
659 100074
659 101863
659 102117
659 102243
659 105024
659 106515
659 106588
659 107536
659 108410
659 108466
659 108695
659 109239
660 100074
660 101863
660 102117
660 102243
660 105024
660 106515
660 106588
660 107536
660 108410
660 108466
660 108695
660 109239
661 107057
661 107063
661 107064
662 107057
662 107063
662 107064
663 100711
664 100002
664 100711
664 102658
664 104829
664 106583
664 107050
664 107940
664 108743
665 100002
665 100711
665 102658
665 104829
665 107050
665 107051
665 108743
666 101278
666 102294
666 105871
666 107167
666 109142
667 105871
667 109142
668 105871
668 109142
669 105871
669 109142
670 105871
671 107433
671 108606
671 108632
672 107433
672 107495
672 108632
673 105290
673 108582
673 108929
674 105290
674 108929
675 100756
675 101195
675 101803
675 105301
675 107094
675 107102
675 107425
676 107994
677 107772
677 108377
677 108378
678 100416
678 100560
678 100561
678 100971
678 101154
678 101363
678 101592
678 101712
678 102157
678 102829
678 104959
678 104960
678 105559
678 105816
678 106855
678 107145
678 107636
678 107790
678 107807
678 107884
678 107907
678 108791
678 109018
678 109052
678 109082
678 109857
678 109917
679 100416
679 100561
679 100961
679 100971
679 101155
679 101363
679 101422
679 101592
679 102134
679 102157
679 102295
679 102829
679 104958
679 104959
679 104960
679 105559
679 105816
679 106606
679 106855
679 107145
679 107248
679 107446
679 107636
679 107715
679 107790
679 107807
679 107884
679 107907
679 108448
679 108791
679 108996
679 109018
679 109052
679 109082
679 109857
679 109917
680 100101
680 100416
680 100561
680 100961
680 100971
680 101155
680 101363
680 101422
680 101592
680 102157
680 102295
680 102829
680 104958
680 104959
680 104960
680 105559
680 105816
680 107145
680 107248
680 107446
680 107636
680 107715
680 107790
680 107807
680 107884
680 107907
680 108258
680 108448
680 108996
680 109018
680 109052
680 109082
680 109857
680 109917
681 100416
681 100961
681 101155
681 101653
681 102295
681 102829
681 104958
681 104959
681 105559
681 107446
681 107688
681 108258
681 108996
681 109018
681 109857
682 100144
682 102647
682 102712
682 105899
682 106523
682 106946
682 107809
682 108072
682 108719
683 100144
683 102647
683 102712
683 105899
683 106523
683 106946
683 107809
683 108072
683 108719
684 100144
684 102647
684 102712
684 105899
684 106523
684 106946
684 107809
684 108072
684 108719
685 100666
685 102526
685 107608
685 109470
686 102526
686 107608
686 109165
687 105447
688 105447
689 102082
689 108566
690 101658
690 101785
690 104834
691 106085
691 106657
691 106737
691 107481
692 100805
692 101078
692 101181
692 101503
692 101676
692 101876
692 105328
692 108262
692 108296
692 108553
692 108853
692 109667
692 109768
693 101503
694 100448
694 109844
695 105004
695 109049
695 109757
696 100357
696 100471
696 101239
696 101299
696 102513
696 106672
696 106796
696 107317
696 109059
696 109758
697 100357
697 100478
697 101239
697 101299
697 102513
697 106796
697 109059
697 109479
698 100900
698 105199
698 107355
698 108327
699 101172
699 101799
699 102302
699 102558
699 106537
699 107498
